%YAML:1.0
dictionary: 11
ids: [ 0, 1, 2, 3, 4, 5, 6, 7, 8, 9, 10, 11, 12, 13, 14, 15, 16, 17, 18,
    19, 20, 21, 22, 23, 24, 25, 26, 27, 28, 29, 30, 31, 32, 33, 34, 35,
    36, 37, 38, 39, 40, 41, 42, 43, 44, 45, 46, 47, 48, 49, 50, 51, 52,
    53, 54, 55, 56, 57, 58, 59, 60, 61, 62, 63, 64, 65, 66, 67, 68, 69,
    70, 71, 72, 73, 74, 75, 76, 77, 78, 79, 80, 81, 82, 83, 84, 85, 86,
    87, 88, 89, 90, 91, 92, 93, 94, 95, 96, 97, 98, 99, 100, 101, 102,
    103, 104, 105, 106, 107, 108 ]
points:
   - -1.75000000e+01
   - 1.73199997e+01
   - 7.50000000e+00
   - 1.75000000e+01
   - 1.73199997e+01
   - 7.50000000e+00
   - 1.75000000e+01
   - -1.73199997e+01
   - 2.50000000e+00
   - -1.75000000e+01
   - -1.73199997e+01
   - 2.50000000e+00
   - 6.04422836e+01
   - 6.23199997e+01
   - 7.50000000e+00
   - 9.54422836e+01
   - 6.23199997e+01
   - 7.50000000e+00
   - 9.54422836e+01
   - 2.76800003e+01
   - 2.50000000e+00
   - 6.04422836e+01
   - 2.76800003e+01
   - 2.50000000e+00
   - -1.75000000e+01
   - 1.07320000e+02
   - 7.50000000e+00
   - 1.75000000e+01
   - 1.07320000e+02
   - 7.50000000e+00
   - 1.75000000e+01
   - 7.26800003e+01
   - 2.50000000e+00
   - -1.75000000e+01
   - 7.26800003e+01
   - 2.50000000e+00
   - -9.54422836e+01
   - 6.23199997e+01
   - 7.50000000e+00
   - -6.04422836e+01
   - 6.23199997e+01
   - 7.50000000e+00
   - -6.04422836e+01
   - 2.76800003e+01
   - 2.50000000e+00
   - -9.54422836e+01
   - 2.76800003e+01
   - 2.50000000e+00
   - -9.54422836e+01
   - -2.76800003e+01
   - 7.50000000e+00
   - -6.04422836e+01
   - -2.76800003e+01
   - 7.50000000e+00
   - -6.04422836e+01
   - -6.23199997e+01
   - 2.50000000e+00
   - -9.54422836e+01
   - -6.23199997e+01
   - 2.50000000e+00
   - -1.75000000e+01
   - -7.26800003e+01
   - 7.50000000e+00
   - 1.75000000e+01
   - -7.26800003e+01
   - 7.50000000e+00
   - 1.75000000e+01
   - -1.07320000e+02
   - 2.50000000e+00
   - -1.75000000e+01
   - -1.07320000e+02
   - 2.50000000e+00
   - 6.04422836e+01
   - -2.76800003e+01
   - 7.50000000e+00
   - 9.54422836e+01
   - -2.76800003e+01
   - 7.50000000e+00
   - 9.54422836e+01
   - -6.23199997e+01
   - 2.50000000e+00
   - 6.04422836e+01
   - -6.23199997e+01
   - 2.50000000e+00
   - 1.38384567e+02
   - 1.07320000e+02
   - 7.50000000e+00
   - 1.73384567e+02
   - 1.07320000e+02
   - 7.50000000e+00
   - 1.73384567e+02
   - 7.26800003e+01
   - 2.50000000e+00
   - 1.38384567e+02
   - 7.26800003e+01
   - 2.50000000e+00
   - 6.04422836e+01
   - 1.52320007e+02
   - 7.50000000e+00
   - 9.54422836e+01
   - 1.52320007e+02
   - 7.50000000e+00
   - 9.54422836e+01
   - 1.17680000e+02
   - 2.50000000e+00
   - 6.04422836e+01
   - 1.17680000e+02
   - 2.50000000e+00
   - 1.38384567e+02
   - 1.73199997e+01
   - 7.50000000e+00
   - 1.73384567e+02
   - 1.73199997e+01
   - 7.50000000e+00
   - 1.73384567e+02
   - -1.73199997e+01
   - 2.50000000e+00
   - 1.38384567e+02
   - -1.73199997e+01
   - 2.50000000e+00
   - -1.75000000e+01
   - 1.97320007e+02
   - 7.50000000e+00
   - 1.75000000e+01
   - 1.97320007e+02
   - 7.50000000e+00
   - 1.75000000e+01
   - 1.62679993e+02
   - 2.50000000e+00
   - -1.75000000e+01
   - 1.62679993e+02
   - 2.50000000e+00
   - -9.54422836e+01
   - 1.52320007e+02
   - 7.50000000e+00
   - -6.04422836e+01
   - 1.52320007e+02
   - 7.50000000e+00
   - -6.04422836e+01
   - 1.17680000e+02
   - 2.50000000e+00
   - -9.54422836e+01
   - 1.17680000e+02
   - 2.50000000e+00
   - -1.73384567e+02
   - 1.07320000e+02
   - 7.50000000e+00
   - -1.38384567e+02
   - 1.07320000e+02
   - 7.50000000e+00
   - -1.38384567e+02
   - 7.26800003e+01
   - 2.50000000e+00
   - -1.73384567e+02
   - 7.26800003e+01
   - 2.50000000e+00
   - -1.73384567e+02
   - 1.73199997e+01
   - 7.50000000e+00
   - -1.38384567e+02
   - 1.73199997e+01
   - 7.50000000e+00
   - -1.38384567e+02
   - -1.73199997e+01
   - 2.50000000e+00
   - -1.73384567e+02
   - -1.73199997e+01
   - 2.50000000e+00
   - -1.73384567e+02
   - -7.26800003e+01
   - 7.50000000e+00
   - -1.38384567e+02
   - -7.26800003e+01
   - 7.50000000e+00
   - -1.38384567e+02
   - -1.07320000e+02
   - 2.50000000e+00
   - -1.73384567e+02
   - -1.07320000e+02
   - 2.50000000e+00
   - -9.54422836e+01
   - -1.17680000e+02
   - 7.50000000e+00
   - -6.04422836e+01
   - -1.17680000e+02
   - 7.50000000e+00
   - -6.04422836e+01
   - -1.52320007e+02
   - 2.50000000e+00
   - -9.54422836e+01
   - -1.52320007e+02
   - 2.50000000e+00
   - -1.75000000e+01
   - -1.62679993e+02
   - 7.50000000e+00
   - 1.75000000e+01
   - -1.62679993e+02
   - 7.50000000e+00
   - 1.75000000e+01
   - -1.97320007e+02
   - 2.50000000e+00
   - -1.75000000e+01
   - -1.97320007e+02
   - 2.50000000e+00
   - 6.04422836e+01
   - -1.17680000e+02
   - 7.50000000e+00
   - 9.54422836e+01
   - -1.17680000e+02
   - 7.50000000e+00
   - 9.54422836e+01
   - -1.52320007e+02
   - 2.50000000e+00
   - 6.04422836e+01
   - -1.52320007e+02
   - 2.50000000e+00
   - 1.38384567e+02
   - -7.26800003e+01
   - 7.50000000e+00
   - 1.73384567e+02
   - -7.26800003e+01
   - 7.50000000e+00
   - 1.73384567e+02
   - -1.07320000e+02
   - 2.50000000e+00
   - 1.38384567e+02
   - -1.07320000e+02
   - 2.50000000e+00
   - 2.16326843e+02
   - 1.52320007e+02
   - 7.50000000e+00
   - 2.51326843e+02
   - 1.52320007e+02
   - 7.50000000e+00
   - 2.51326843e+02
   - 1.17680000e+02
   - 2.50000000e+00
   - 2.16326843e+02
   - 1.17680000e+02
   - 2.50000000e+00
   - 1.38384567e+02
   - 1.97320007e+02
   - 7.50000000e+00
   - 1.73384567e+02
   - 1.97320007e+02
   - 7.50000000e+00
   - 1.73384567e+02
   - 1.62679993e+02
   - 2.50000000e+00
   - 1.38384567e+02
   - 1.62679993e+02
   - 2.50000000e+00
   - 2.16326843e+02
   - 6.23199997e+01
   - 7.50000000e+00
   - 2.51326843e+02
   - 6.23199997e+01
   - 7.50000000e+00
   - 2.51326843e+02
   - 2.76800003e+01
   - 2.50000000e+00
   - 2.16326843e+02
   - 2.76800003e+01
   - 2.50000000e+00
   - 6.04422836e+01
   - 2.42320007e+02
   - 7.50000000e+00
   - 9.54422836e+01
   - 2.42320007e+02
   - 7.50000000e+00
   - 9.54422836e+01
   - 2.07679993e+02
   - 2.50000000e+00
   - 6.04422836e+01
   - 2.07679993e+02
   - 2.50000000e+00
   - 2.16326843e+02
   - -2.76800003e+01
   - 7.50000000e+00
   - 2.51326843e+02
   - -2.76800003e+01
   - 7.50000000e+00
   - 2.51326843e+02
   - -6.23199997e+01
   - 2.50000000e+00
   - 2.16326843e+02
   - -6.23199997e+01
   - 2.50000000e+00
   - -1.75000000e+01
   - 2.87320007e+02
   - 7.50000000e+00
   - 1.75000000e+01
   - 2.87320007e+02
   - 7.50000000e+00
   - 1.75000000e+01
   - 2.52679993e+02
   - 2.50000000e+00
   - -1.75000000e+01
   - 2.52679993e+02
   - 2.50000000e+00
   - -9.54422836e+01
   - 2.42320007e+02
   - 7.50000000e+00
   - -6.04422836e+01
   - 2.42320007e+02
   - 7.50000000e+00
   - -6.04422836e+01
   - 2.07679993e+02
   - 2.50000000e+00
   - -9.54422836e+01
   - 2.07679993e+02
   - 2.50000000e+00
   - -1.73384567e+02
   - 1.97320007e+02
   - 7.50000000e+00
   - -1.38384567e+02
   - 1.97320007e+02
   - 7.50000000e+00
   - -1.38384567e+02
   - 1.62679993e+02
   - 2.50000000e+00
   - -1.73384567e+02
   - 1.62679993e+02
   - 2.50000000e+00
   - -2.51326843e+02
   - 1.52320007e+02
   - 7.50000000e+00
   - -2.16326843e+02
   - 1.52320007e+02
   - 7.50000000e+00
   - -2.16326843e+02
   - 1.17680000e+02
   - 2.50000000e+00
   - -2.51326843e+02
   - 1.17680000e+02
   - 2.50000000e+00
   - -2.51326843e+02
   - 6.23199997e+01
   - 7.50000000e+00
   - -2.16326843e+02
   - 6.23199997e+01
   - 7.50000000e+00
   - -2.16326843e+02
   - 2.76800003e+01
   - 2.50000000e+00
   - -2.51326843e+02
   - 2.76800003e+01
   - 2.50000000e+00
   - -2.51326843e+02
   - -2.76800003e+01
   - 7.50000000e+00
   - -2.16326843e+02
   - -2.76800003e+01
   - 7.50000000e+00
   - -2.16326843e+02
   - -6.23199997e+01
   - 2.50000000e+00
   - -2.51326843e+02
   - -6.23199997e+01
   - 2.50000000e+00
   - -2.51326843e+02
   - -1.17680000e+02
   - 7.50000000e+00
   - -2.16326843e+02
   - -1.17680000e+02
   - 7.50000000e+00
   - -2.16326843e+02
   - -1.52320007e+02
   - 2.50000000e+00
