%YAML:1.0
dictionary: 11
ids: [ 0, 1, 2, 3, 4, 5, 6, 7, 8, 9, 10, 11, 12, 13, 14, 15, 16, 17, 18,
    19, 20, 21, 22, 23, 24, 25, 26, 27, 28, 29, 30, 31, 32, 33, 34, 35,
    36, 37, 38, 39, 40, 41, 42, 43, 44, 45, 46, 47, 48, 49, 50, 51, 52,
    53, 54, 55, 56, 57, 58, 59, 60, 61, 62, 63, 64, 65, 66, 67, 68, 69,
    70, 71, 72, 73, 74, 75, 76, 77, 78, 79, 80, 81, 82, 83, 84, 85, 86,
    87, 88, 89, 90, 91, 92, 93, 94, 95, 96, 97, 98, 99, 100, 101, 102,
    103, 104, 105, 106, 107, 108, 109, 110, 111, 112, 113, 114, 115, 116 ]
points:
   - -210.
   - 580.
   - 0.
   - -170.
   - 580.
   - 0.
   - -170.
   - 540.
   - 0.
   - -210.
   - 540.
   - 0.
   - -165.
   - 580.
   - 0.
   - -125.
   - 580.
   - 0.
   - -125.
   - 540.
   - 0.
   - -165.
   - 540.
   - 0.
   - -120.
   - 580.
   - 0.
   - -80.
   - 580.
   - 0.
   - -80.
   - 540.
   - 0.
   - -120.
   - 540.
   - 0.
   - -75.
   - 580.
   - 0.
   - -35.
   - 580.
   - 0.
   - -35.
   - 540.
   - 0.
   - -75.
   - 540.
   - 0.
   - -30.
   - 580.
   - 0.
   - 10.
   - 580.
   - 0.
   - 10.
   - 540.
   - 0.
   - -30.
   - 540.
   - 0.
   - 15.
   - 580.
   - 0.
   - 55.
   - 580.
   - 0.
   - 55.
   - 540.
   - 0.
   - 15.
   - 540.
   - 0.
   - 60.
   - 580.
   - 0.
   - 100.
   - 580.
   - 0.
   - 100.
   - 540.
   - 0.
   - 60.
   - 540.
   - 0.
   - 105.
   - 580.
   - 0.
   - 145.
   - 580.
   - 0.
   - 145.
   - 540.
   - 0.
   - 105.
   - 540.
   - 0.
   - 150.
   - 580.
   - 0.
   - 190.
   - 580.
   - 0.
   - 190.
   - 540.
   - 0.
   - 150.
   - 540.
   - 0.
   - -210.
   - 535.
   - 0.
   - -170.
   - 535.
   - 0.
   - -170.
   - 495.
   - 0.
   - -210.
   - 495.
   - 0.
   - -165.
   - 535.
   - 0.
   - -125.
   - 535.
   - 0.
   - -125.
   - 495.
   - 0.
   - -165.
   - 495.
   - 0.
   - -120.
   - 535.
   - 0.
   - -80.
   - 535.
   - 0.
   - -80.
   - 495.
   - 0.
   - -120.
   - 495.
   - 0.
   - -75.
   - 535.
   - 0.
   - -35.
   - 535.
   - 0.
   - -35.
   - 495.
   - 0.
   - -75.
   - 495.
   - 0.
   - -30.
   - 535.
   - 0.
   - 10.
   - 535.
   - 0.
   - 10.
   - 495.
   - 0.
   - -30.
   - 495.
   - 0.
   - 15.
   - 535.
   - 0.
   - 55.
   - 535.
   - 0.
   - 55.
   - 495.
   - 0.
   - 15.
   - 495.
   - 0.
   - 60.
   - 535.
   - 0.
   - 100.
   - 535.
   - 0.
   - 100.
   - 495.
   - 0.
   - 60.
   - 495.
   - 0.
   - 105.
   - 535.
   - 0.
   - 145.
   - 535.
   - 0.
   - 145.
   - 495.
   - 0.
   - 105.
   - 495.
   - 0.
   - 150.
   - 535.
   - 0.
   - 190.
   - 535.
   - 0.
   - 190.
   - 495.
   - 0.
   - 150.
   - 495.
   - 0.
   - -210.
   - 490.
   - 0.
   - -170.
   - 490.
   - 0.
   - -170.
   - 450.
   - 0.
   - -210.
   - 450.
   - 0.
   - -165.
   - 490.
   - 0.
   - -125.
   - 490.
   - 0.
   - -125.
   - 450.
   - 0.
   - -165.
   - 450.
   - 0.
   - -120.
   - 490.
   - 0.
   - -80.
   - 490.
   - 0.
   - -80.
   - 450.
   - 0.
   - -120.
   - 450.
   - 0.
   - -75.
   - 490.
   - 0.
   - -35.
   - 490.
   - 0.
   - -35.
   - 450.
   - 0.
   - -75.
   - 450.
   - 0.
   - -30.
   - 490.
   - 0.
   - 10.
   - 490.
   - 0.
   - 10.
   - 450.
   - 0.
   - -30.
   - 450.
   - 0.
   - 15.
   - 490.
   - 0.
   - 55.
   - 490.
   - 0.
   - 55.
   - 450.
   - 0.
   - 15.
   - 450.
   - 0.
   - 60.
   - 490.
   - 0.
   - 100.
   - 490.
   - 0.
   - 100.
   - 450.
   - 0.
   - 60.
   - 450.
   - 0.
   - 105.
   - 490.
   - 0.
   - 145.
   - 490.
   - 0.
   - 145.
   - 450.
   - 0.
   - 105.
   - 450.
   - 0.
   - 150.
   - 490.
   - 0.
   - 190.
   - 490.
   - 0.
   - 190.
   - 450.
   - 0.
   - 150.
   - 450.
   - 0.
   - -210.
   - 445.
   - 0.
   - -170.
   - 445.
   - 0.
   - -170.
   - 405.
   - 0.
   - -210.
   - 405.
   - 0.
   - -165.
   - 445.
   - 0.
   - -125.
   - 445.
   - 0.
   - -125.
   - 405.
   - 0.
   - -165.
   - 405.
   - 0.
   - -120.
   - 445.
   - 0.
   - -80.
   - 445.
   - 0.
   - -80.
   - 405.
   - 0.
   - -120.
   - 405.
   - 0.
   - -75.
   - 445.
   - 0.
   - -35.
   - 445.
   - 0.
   - -35.
   - 405.
   - 0.
   - -75.
   - 405.
   - 0.
   - -30.
   - 445.
   - 0.
   - 10.
   - 445.
   - 0.
   - 10.
   - 405.
   - 0.
   - -30.
   - 405.
   - 0.
   - 15.
   - 445.
   - 0.
   - 55.
   - 445.
   - 0.
   - 55.
   - 405.
   - 0.
   - 15.
   - 405.
   - 0.
   - 60.
   - 445.
   - 0.
   - 100.
   - 445.
   - 0.
   - 100.
   - 405.
   - 0.
   - 60.
   - 405.
   - 0.
   - 105.
   - 445.
   - 0.
   - 145.
   - 445.
   - 0.
   - 145.
   - 405.
   - 0.
   - 105.
   - 405.
   - 0.
   - 150.
   - 445.
   - 0.
   - 190.
   - 445.
   - 0.
   - 190.
   - 405.
   - 0.
   - 150.
   - 405.
   - 0.
   - -210.
   - 400.
   - 0.
   - -170.
   - 400.
   - 0.
   - -170.
   - 360.
   - 0.
   - -210.
   - 360.
   - 0.
   - -165.
   - 400.
   - 0.
   - -125.
   - 400.
   - 0.
   - -125.
   - 360.
   - 0.
   - -165.
   - 360.
   - 0.
   - -120.
   - 400.
   - 0.
   - -80.
   - 400.
   - 0.
   - -80.
   - 360.
   - 0.
   - -120.
   - 360.
   - 0.
   - -75.
   - 400.
   - 0.
   - -35.
   - 400.
   - 0.
   - -35.
   - 360.
   - 0.
   - -75.
   - 360.
   - 0.
   - -30.
   - 400.
   - 0.
   - 10.
   - 400.
   - 0.
   - 10.
   - 360.
   - 0.
   - -30.
   - 360.
   - 0.
   - 15.
   - 400.
   - 0.
   - 55.
   - 400.
   - 0.
   - 55.
   - 360.
   - 0.
   - 15.
   - 360.
   - 0.
   - 60.
   - 400.
   - 0.
   - 100.
   - 400.
   - 0.
   - 100.
   - 360.
   - 0.
   - 60.
   - 360.
   - 0.
   - 105.
   - 400.
   - 0.
   - 145.
   - 400.
   - 0.
   - 145.
   - 360.
   - 0.
   - 105.
   - 360.
   - 0.
   - 150.
   - 400.
   - 0.
   - 190.
   - 400.
   - 0.
   - 190.
   - 360.
   - 0.
   - 150.
   - 360.
   - 0.
   - -210.
   - 355.
   - 0.
   - -170.
   - 355.
   - 0.
   - -170.
   - 315.
   - 0.
   - -210.
   - 315.
   - 0.
   - -165.
   - 355.
   - 0.
   - -125.
   - 355.
   - 0.
   - -125.
   - 315.
   - 0.
   - -165.
   - 315.
   - 0.
   - -120.
   - 355.
   - 0.
   - -80.
   - 355.
   - 0.
   - -80.
   - 315.
   - 0.
   - -120.
   - 315.
   - 0.
   - -75.
   - 355.
   - 0.
   - -35.
   - 355.
   - 0.
   - -35.
   - 315.
   - 0.
   - -75.
   - 315.
   - 0.
   - -30.
   - 355.
   - 0.
   - 10.
   - 355.
   - 0.
   - 10.
   - 315.
   - 0.
   - -30.
   - 315.
   - 0.
   - 15.
   - 355.
   - 0.
   - 55.
   - 355.
   - 0.
   - 55.
   - 315.
   - 0.
   - 15.
   - 315.
   - 0.
   - 60.
   - 355.
   - 0.
   - 100.
   - 355.
   - 0.
   - 100.
   - 315.
   - 0.
   - 60.
   - 315.
   - 0.
   - 105.
   - 355.
   - 0.
   - 145.
   - 355.
   - 0.
   - 145.
   - 315.
   - 0.
   - 105.
   - 315.
   - 0.
   - 150.
   - 355.
   - 0.
   - 190.
   - 355.
   - 0.
   - 190.
   - 315.
   - 0.
   - 150.
   - 315.
   - 0.
   - -210.
   - 310.
   - 0.
   - -170.
   - 310.
   - 0.
   - -170.
   - 270.
   - 0.
   - -210.
   - 270.
   - 0.
   - -165.
   - 310.
   - 0.
   - -125.
   - 310.
   - 0.
   - -125.
   - 270.
   - 0.
   - -165.
   - 270.
   - 0.
   - -120.
   - 310.
   - 0.
   - -80.
   - 310.
   - 0.
   - -80.
   - 270.
   - 0.
   - -120.
   - 270.
   - 0.
   - -75.
   - 310.
   - 0.
   - -35.
   - 310.
   - 0.
   - -35.
   - 270.
   - 0.
   - -75.
   - 270.
   - 0.
   - -30.
   - 310.
   - 0.
   - 10.
   - 310.
   - 0.
   - 10.
   - 270.
   - 0.
   - -30.
   - 270.
   - 0.
   - 15.
   - 310.
   - 0.
   - 55.
   - 310.
   - 0.
   - 55.
   - 270.
   - 0.
   - 15.
   - 270.
   - 0.
   - 60.
   - 310.
   - 0.
   - 100.
   - 310.
   - 0.
   - 100.
   - 270.
   - 0.
   - 60.
   - 270.
   - 0.
   - 105.
   - 310.
   - 0.
   - 145.
   - 310.
   - 0.
   - 145.
   - 270.
   - 0.
   - 105.
   - 270.
   - 0.
   - 150.
   - 310.
   - 0.
   - 190.
   - 310.
   - 0.
   - 190.
   - 270.
   - 0.
   - 150.
   - 270.
   - 0.
   - -210.
   - 265.
   - 0.
   - -170.
   - 265.
   - 0.
   - -170.
   - 225.
   - 0.
   - -210.
   - 225.
   - 0.
   - -165.
   - 265.
   - 0.
   - -125.
   - 265.
   - 0.
   - -125.
   - 225.
   - 0.
   - -165.
   - 225.
   - 0.
   - -120.
   - 265.
   - 0.
   - -80.
   - 265.
   - 0.
   - -80.
   - 225.
   - 0.
   - -120.
   - 225.
   - 0.
   - -75.
   - 265.
   - 0.
   - -35.
