%YAML:1.0
dictionary: 11
ids: [ 0, 1, 2, 3, 4, 5, 6, 7, 8, 9, 10, 11, 12, 13, 14, 15, 16, 17, 18,
    19, 20, 21, 22, 23, 24, 25, 26, 27, 28, 29, 30, 31, 32, 33, 34, 35,
    36, 37, 38, 39, 40, 41, 42, 43, 44, 45, 46, 47, 48, 49, 50, 51, 52,
    53, 54, 55, 56, 57, 58, 59, 60, 61, 62, 63, 64, 65, 66, 67, 68, 69,
    70, 71, 72, 73, 74, 75, 76, 77, 78, 79, 80, 81, 82, 83, 84, 85, 86,
    87, 88, 89, 90, 91, 92, 93, 94, 95, 96, 97, 98, 99, 100, 101, 102,
    103, 104, 105, 106, 107, 108, 109, 110, 111, 112, 113, 114, 115, 116,
    117, 118, 119, 120, 121, 122, 123, 124, 125, 126, 127, 128, 129, 130,
    131, 132, 133, 134, 135, 136, 137, 138, 139, 140, 141, 142, 143, 144,
    145, 146, 147, 148, 149, 150, 151, 152, 153, 154, 155, 156, 157, 158,
    159, 160, 161, 162, 163, 164, 165, 166, 167, 168 ]
points:
   - -225.
   - 225.
   - 0.
   - -195.
   - 225.
   - 0.
   - -195.
   - 195.
   - 0.
   - -225.
   - 195.
   - 0.
   - -190.
   - 225.
   - 0.
   - -160.
   - 225.
   - 0.
   - -160.
   - 195.
   - 0.
   - -190.
   - 195.
   - 0.
   - -155.
   - 225.
   - 0.
   - -125.
   - 225.
   - 0.
   - -125.
   - 195.
   - 0.
   - -155.
   - 195.
   - 0.
   - -120.
   - 225.
   - 0.
   - -90.
   - 225.
   - 0.
   - -90.
   - 195.
   - 0.
   - -120.
   - 195.
   - 0.
   - -85.
   - 225.
   - 0.
   - -55.
   - 225.
   - 0.
   - -55.
   - 195.
   - 0.
   - -85.
   - 195.
   - 0.
   - -50.
   - 225.
   - 0.
   - -20.
   - 225.
   - 0.
   - -20.
   - 195.
   - 0.
   - -50.
   - 195.
   - 0.
   - -15.
   - 225.
   - 0.
   - 15.
   - 225.
   - 0.
   - 15.
   - 195.
   - 0.
   - -15.
   - 195.
   - 0.
   - 20.
   - 225.
   - 0.
   - 50.
   - 225.
   - 0.
   - 50.
   - 195.
   - 0.
   - 20.
   - 195.
   - 0.
   - 55.
   - 225.
   - 0.
   - 85.
   - 225.
   - 0.
   - 85.
   - 195.
   - 0.
   - 55.
   - 195.
   - 0.
   - 90.
   - 225.
   - 0.
   - 120.
   - 225.
   - 0.
   - 120.
   - 195.
   - 0.
   - 90.
   - 195.
   - 0.
   - 125.
   - 225.
   - 0.
   - 155.
   - 225.
   - 0.
   - 155.
   - 195.
   - 0.
   - 125.
   - 195.
   - 0.
   - 160.
   - 225.
   - 0.
   - 190.
   - 225.
   - 0.
   - 190.
   - 195.
   - 0.
   - 160.
   - 195.
   - 0.
   - 195.
   - 225.
   - 0.
   - 225.
   - 225.
   - 0.
   - 225.
   - 195.
   - 0.
   - 195.
   - 195.
   - 0.
   - -225.
   - 190.
   - 0.
   - -195.
   - 190.
   - 0.
   - -195.
   - 160.
   - 0.
   - -225.
   - 160.
   - 0.
   - -190.
   - 190.
   - 0.
   - -160.
   - 190.
   - 0.
   - -160.
   - 160.
   - 0.
   - -190.
   - 160.
   - 0.
   - -155.
   - 190.
   - 0.
   - -125.
   - 190.
   - 0.
   - -125.
   - 160.
   - 0.
   - -155.
   - 160.
   - 0.
   - -120.
   - 190.
   - 0.
   - -90.
   - 190.
   - 0.
   - -90.
   - 160.
   - 0.
   - -120.
   - 160.
   - 0.
   - -85.
   - 190.
   - 0.
   - -55.
   - 190.
   - 0.
   - -55.
   - 160.
   - 0.
   - -85.
   - 160.
   - 0.
   - -50.
   - 190.
   - 0.
   - -20.
   - 190.
   - 0.
   - -20.
   - 160.
   - 0.
   - -50.
   - 160.
   - 0.
   - -15.
   - 190.
   - 0.
   - 15.
   - 190.
   - 0.
   - 15.
   - 160.
   - 0.
   - -15.
   - 160.
   - 0.
   - 20.
   - 190.
   - 0.
   - 50.
   - 190.
   - 0.
   - 50.
   - 160.
   - 0.
   - 20.
   - 160.
   - 0.
   - 55.
   - 190.
   - 0.
   - 85.
   - 190.
   - 0.
   - 85.
   - 160.
   - 0.
   - 55.
   - 160.
   - 0.
   - 90.
   - 190.
   - 0.
   - 120.
   - 190.
   - 0.
   - 120.
   - 160.
   - 0.
   - 90.
   - 160.
   - 0.
   - 125.
   - 190.
   - 0.
   - 155.
   - 190.
   - 0.
   - 155.
   - 160.
   - 0.
   - 125.
   - 160.
   - 0.
   - 160.
   - 190.
   - 0.
   - 190.
   - 190.
   - 0.
   - 190.
   - 160.
   - 0.
   - 160.
   - 160.
   - 0.
   - 195.
   - 190.
   - 0.
   - 225.
   - 190.
   - 0.
   - 225.
   - 160.
   - 0.
   - 195.
   - 160.
   - 0.
   - -225.
   - 155.
   - 0.
   - -195.
   - 155.
   - 0.
   - -195.
   - 125.
   - 0.
   - -225.
   - 125.
   - 0.
   - -190.
   - 155.
   - 0.
   - -160.
   - 155.
   - 0.
   - -160.
   - 125.
   - 0.
   - -190.
   - 125.
   - 0.
   - -155.
   - 155.
   - 0.
   - -125.
   - 155.
   - 0.
   - -125.
   - 125.
   - 0.
   - -155.
   - 125.
   - 0.
   - -120.
   - 155.
   - 0.
   - -90.
   - 155.
   - 0.
   - -90.
   - 125.
   - 0.
   - -120.
   - 125.
   - 0.
   - -85.
   - 155.
   - 0.
   - -55.
   - 155.
   - 0.
   - -55.
   - 125.
   - 0.
   - -85.
   - 125.
   - 0.
   - -50.
   - 155.
   - 0.
   - -20.
   - 155.
   - 0.
   - -20.
   - 125.
   - 0.
   - -50.
   - 125.
   - 0.
   - -15.
   - 155.
   - 0.
   - 15.
   - 155.
   - 0.
   - 15.
   - 125.
   - 0.
   - -15.
   - 125.
   - 0.
   - 20.
   - 155.
   - 0.
   - 50.
   - 155.
   - 0.
   - 50.
   - 125.
   - 0.
   - 20.
   - 125.
   - 0.
   - 55.
   - 155.
   - 0.
   - 85.
   - 155.
   - 0.
   - 85.
   - 125.
   - 0.
   - 55.
   - 125.
   - 0.
   - 90.
   - 155.
   - 0.
   - 120.
   - 155.
   - 0.
   - 120.
   - 125.
   - 0.
   - 90.
   - 125.
   - 0.
   - 125.
   - 155.
   - 0.
   - 155.
   - 155.
   - 0.
   - 155.
   - 125.
   - 0.
   - 125.
   - 125.
   - 0.
   - 160.
   - 155.
   - 0.
   - 190.
   - 155.
   - 0.
   - 190.
   - 125.
   - 0.
   - 160.
   - 125.
   - 0.
   - 195.
   - 155.
   - 0.
   - 225.
   - 155.
   - 0.
   - 225.
   - 125.
   - 0.
   - 195.
   - 125.
   - 0.
   - -225.
   - 120.
   - 0.
   - -195.
   - 120.
   - 0.
   - -195.
   - 90.
   - 0.
   - -225.
   - 90.
   - 0.
   - -190.
   - 120.
   - 0.
   - -160.
   - 120.
   - 0.
   - -160.
   - 90.
   - 0.
   - -190.
   - 90.
   - 0.
   - -155.
   - 120.
   - 0.
   - -125.
   - 120.
   - 0.
   - -125.
   - 90.
   - 0.
   - -155.
   - 90.
   - 0.
   - -120.
   - 120.
   - 0.
   - -90.
   - 120.
   - 0.
   - -90.
   - 90.
   - 0.
   - -120.
   - 90.
   - 0.
   - -85.
   - 120.
   - 0.
   - -55.
   - 120.
   - 0.
   - -55.
   - 90.
   - 0.
   - -85.
   - 90.
   - 0.
   - -50.
   - 120.
   - 0.
   - -20.
   - 120.
   - 0.
   - -20.
   - 90.
   - 0.
   - -50.
   - 90.
   - 0.
   - -15.
   - 120.
   - 0.
   - 15.
   - 120.
   - 0.
   - 15.
   - 90.
   - 0.
   - -15.
   - 90.
   - 0.
   - 20.
   - 120.
   - 0.
   - 50.
   - 120.
   - 0.
   - 50.
   - 90.
   - 0.
   - 20.
   - 90.
   - 0.
   - 55.
   - 120.
   - 0.
   - 85.
   - 120.
   - 0.
   - 85.
   - 90.
   - 0.
   - 55.
   - 90.
   - 0.
   - 90.
   - 120.
   - 0.
   - 120.
   - 120.
   - 0.
   - 120.
   - 90.
   - 0.
   - 90.
   - 90.
   - 0.
   - 125.
   - 120.
   - 0.
   - 155.
   - 120.
   - 0.
   - 155.
   - 90.
   - 0.
   - 125.
   - 90.
   - 0.
   - 160.
   - 120.
   - 0.
   - 190.
   - 120.
   - 0.
   - 190.
   - 90.
   - 0.
   - 160.
   - 90.
   - 0.
   - 195.
   - 120.
   - 0.
   - 225.
   - 120.
   - 0.
   - 225.
   - 90.
   - 0.
   - 195.
   - 90.
   - 0.
   - -225.
   - 85.
   - 0.
   - -195.
   - 85.
   - 0.
   - -195.
   - 55.
   - 0.
   - -225.
   - 55.
   - 0.
   - -190.
   - 85.
   - 0.
   - -160.
   - 85.
   - 0.
   - -160.
   - 55.
   - 0.
   - -190.
   - 55.
   - 0.
   - -155.
   - 85.
   - 0.
   - -125.
   - 85.
   - 0.
   - -125.
   - 55.
   - 0.
   - -155.
   - 55.
   - 0.
   - -120.
   - 85.
   - 0.
   - -90.
   - 85.
   - 0.
   - -90.
   - 55.
   - 0.
   - -120.
   - 55.
   - 0.
   - -85.
   - 85.
   - 0.
   - -55.
   - 85.
   - 0.
   - -55.
   - 55.
   - 0.
   - -85.
   - 55.
   - 0.
   - -50.
   - 85.
   - 0.
   - -20.
   - 85.
   - 0.
   - -20.
   - 55.
   - 0.
   - -50.
   - 55.
   - 0.
   - -15.
   - 85.
   - 0.
   - 15.
   - 85.
   - 0.
   - 15.
   - 55.
   - 0.
   - -15.
   - 55.
   - 0.
   - 20.
   - 85.
   - 0.
   - 50.
   - 85.
   - 0.
   - 50.
   - 55.
   - 0.
   - 20.
   - 55.
   - 0.
   - 55.
   - 85.
   - 0.
   - 85.
   - 85.
   - 0.
   - 85.
   - 55.
   - 0.
   - 55.
   - 55.
   - 0.
   - 90.
   - 85.
   - 0.
   - 120.
   - 85.
   - 0.
   - 120.
   - 55.
   - 0.
   - 90.
   - 55.
   - 0.
   - 125.
   - 85.
   - 0.
   - 155.
   - 85.
   - 0.
   - 155.
   - 55.
   - 0.
   - 125.
   - 55.
   - 0.
   - 160.
   - 85.
   - 0.
   - 190.
   - 85.
   - 0.
   - 190.
   - 55.
   - 0.
   - 160.
   - 55.
   - 0.
   - 195.
   - 85.
   - 0.
   - 225.
   - 85.
   - 0.
   - 225.
   - 55.
