%YAML:1.0
dictionary: 11
ids: [ 0, 1, 2, 3, 4, 5, 6, 7, 8, 9, 10, 11, 12, 13, 14, 15, 16, 17, 18,
    19, 20, 21, 22, 23, 24, 25, 26, 27, 28, 29, 30, 31, 32, 33, 34, 35,
    36, 37, 38, 39, 40, 41, 42, 43, 44, 45, 46, 47, 48, 49, 50, 51, 52,
    53, 54, 55, 56, 57, 58, 59, 60, 61, 62, 63, 64, 65, 66, 67, 68, 69,
    70, 71, 72, 73, 74, 75, 76, 77, 78, 79, 80, 81, 82, 83, 84, 85, 86,
    87, 88, 89, 90, 91, 92, 93, 94, 95, 96, 97, 98, 99 ]
points:
   - -177.
   - 345.
   - 0.
   - -147.
   - 345.
   - 0.
   - -147.
   - 315.
   - 0.
   - -177.
   - 315.
   - 0.
   - -142.
   - 345.
   - 0.
   - -112.
   - 345.
   - 0.
   - -112.
   - 315.
   - 0.
   - -142.
   - 315.
   - 0.
   - -107.
   - 345.
   - 0.
   - -77.
   - 345.
   - 0.
   - -77.
   - 315.
   - 0.
   - -107.
   - 315.
   - 0.
   - -72.
   - 345.
   - 0.
   - -42.
   - 345.
   - 0.
   - -42.
   - 315.
   - 0.
   - -72.
   - 315.
   - 0.
   - -37.
   - 345.
   - 0.
   - -7.
   - 345.
   - 0.
   - -7.
   - 315.
   - 0.
   - -37.
   - 315.
   - 0.
   - -2.
   - 345.
   - 0.
   - 28.
   - 345.
   - 0.
   - 28.
   - 315.
   - 0.
   - -2.
   - 315.
   - 0.
   - 33.
   - 345.
   - 0.
   - 63.
   - 345.
   - 0.
   - 63.
   - 315.
   - 0.
   - 33.
   - 315.
   - 0.
   - 68.
   - 345.
   - 0.
   - 98.
   - 345.
   - 0.
   - 98.
   - 315.
   - 0.
   - 68.
   - 315.
   - 0.
   - 103.
   - 345.
   - 0.
   - 133.
   - 345.
   - 0.
   - 133.
   - 315.
   - 0.
   - 103.
   - 315.
   - 0.
   - 138.
   - 345.
   - 0.
   - 168.
   - 345.
   - 0.
   - 168.
   - 315.
   - 0.
   - 138.
   - 315.
   - 0.
   - -177.
   - 310.
   - 0.
   - -147.
   - 310.
   - 0.
   - -147.
   - 280.
   - 0.
   - -177.
   - 280.
   - 0.
   - -142.
   - 310.
   - 0.
   - -112.
   - 310.
   - 0.
   - -112.
   - 280.
   - 0.
   - -142.
   - 280.
   - 0.
   - -107.
   - 310.
   - 0.
   - -77.
   - 310.
   - 0.
   - -77.
   - 280.
   - 0.
   - -107.
   - 280.
   - 0.
   - -72.
   - 310.
   - 0.
   - -42.
   - 310.
   - 0.
   - -42.
   - 280.
   - 0.
   - -72.
   - 280.
   - 0.
   - -37.
   - 310.
   - 0.
   - -7.
   - 310.
   - 0.
   - -7.
   - 280.
   - 0.
   - -37.
   - 280.
   - 0.
   - -2.
   - 310.
   - 0.
   - 28.
   - 310.
   - 0.
   - 28.
   - 280.
   - 0.
   - -2.
   - 280.
   - 0.
   - 33.
   - 310.
   - 0.
   - 63.
   - 310.
   - 0.
   - 63.
   - 280.
   - 0.
   - 33.
   - 280.
   - 0.
   - 68.
   - 310.
   - 0.
   - 98.
   - 310.
   - 0.
   - 98.
   - 280.
   - 0.
   - 68.
   - 280.
   - 0.
   - 103.
   - 310.
   - 0.
   - 133.
   - 310.
   - 0.
   - 133.
   - 280.
   - 0.
   - 103.
   - 280.
   - 0.
   - 138.
   - 310.
   - 0.
   - 168.
   - 310.
   - 0.
   - 168.
   - 280.
   - 0.
   - 138.
   - 280.
   - 0.
   - -177.
   - 275.
   - 0.
   - -147.
   - 275.
   - 0.
   - -147.
   - 245.
   - 0.
   - -177.
   - 245.
   - 0.
   - -142.
   - 275.
   - 0.
   - -112.
   - 275.
   - 0.
   - -112.
   - 245.
   - 0.
   - -142.
   - 245.
   - 0.
   - -107.
   - 275.
   - 0.
   - -77.
   - 275.
   - 0.
   - -77.
   - 245.
   - 0.
   - -107.
   - 245.
   - 0.
   - -72.
   - 275.
   - 0.
   - -42.
   - 275.
   - 0.
   - -42.
   - 245.
   - 0.
   - -72.
   - 245.
   - 0.
   - -37.
   - 275.
   - 0.
   - -7.
   - 275.
   - 0.
   - -7.
   - 245.
   - 0.
   - -37.
   - 245.
   - 0.
   - -2.
   - 275.
   - 0.
   - 28.
   - 275.
   - 0.
   - 28.
   - 245.
   - 0.
   - -2.
   - 245.
   - 0.
   - 33.
   - 275.
   - 0.
   - 63.
   - 275.
   - 0.
   - 63.
   - 245.
   - 0.
   - 33.
   - 245.
   - 0.
   - 68.
   - 275.
   - 0.
   - 98.
   - 275.
   - 0.
   - 98.
   - 245.
   - 0.
   - 68.
   - 245.
   - 0.
   - 103.
   - 275.
   - 0.
   - 133.
   - 275.
   - 0.
   - 133.
   - 245.
   - 0.
   - 103.
   - 245.
   - 0.
   - 138.
   - 275.
   - 0.
   - 168.
   - 275.
   - 0.
   - 168.
   - 245.
   - 0.
   - 138.
   - 245.
   - 0.
   - -177.
   - 240.
   - 0.
   - -147.
   - 240.
   - 0.
   - -147.
   - 210.
   - 0.
   - -177.
   - 210.
   - 0.
   - -142.
   - 240.
   - 0.
   - -112.
   - 240.
   - 0.
   - -112.
   - 210.
   - 0.
   - -142.
   - 210.
   - 0.
   - -107.
   - 240.
   - 0.
   - -77.
   - 240.
   - 0.
   - -77.
   - 210.
   - 0.
   - -107.
   - 210.
   - 0.
   - -72.
   - 240.
   - 0.
   - -42.
   - 240.
   - 0.
   - -42.
   - 210.
   - 0.
   - -72.
   - 210.
   - 0.
   - -37.
   - 240.
   - 0.
   - -7.
   - 240.
   - 0.
   - -7.
   - 210.
   - 0.
   - -37.
   - 210.
   - 0.
   - -2.
   - 240.
   - 0.
   - 28.
   - 240.
   - 0.
   - 28.
   - 210.
   - 0.
   - -2.
   - 210.
   - 0.
   - 33.
   - 240.
   - 0.
   - 63.
   - 240.
   - 0.
   - 63.
   - 210.
   - 0.
   - 33.
   - 210.
   - 0.
   - 68.
   - 240.
   - 0.
   - 98.
   - 240.
   - 0.
   - 98.
   - 210.
   - 0.
   - 68.
   - 210.
   - 0.
   - 103.
   - 240.
   - 0.
   - 133.
   - 240.
   - 0.
   - 133.
   - 210.
   - 0.
   - 103.
   - 210.
   - 0.
   - 138.
   - 240.
   - 0.
   - 168.
   - 240.
   - 0.
   - 168.
   - 210.
   - 0.
   - 138.
   - 210.
   - 0.
   - -177.
   - 205.
   - 0.
   - -147.
   - 205.
   - 0.
   - -147.
   - 175.
   - 0.
   - -177.
   - 175.
   - 0.
   - -142.
   - 205.
   - 0.
   - -112.
   - 205.
   - 0.
   - -112.
   - 175.
   - 0.
   - -142.
   - 175.
   - 0.
   - -107.
   - 205.
   - 0.
   - -77.
   - 205.
   - 0.
   - -77.
   - 175.
   - 0.
   - -107.
   - 175.
   - 0.
   - -72.
   - 205.
   - 0.
   - -42.
   - 205.
   - 0.
   - -42.
   - 175.
   - 0.
   - -72.
   - 175.
   - 0.
   - -37.
   - 205.
   - 0.
   - -7.
   - 205.
   - 0.
   - -7.
   - 175.
   - 0.
   - -37.
   - 175.
   - 0.
   - -2.
   - 205.
   - 0.
   - 28.
   - 205.
   - 0.
   - 28.
   - 175.
   - 0.
   - -2.
   - 175.
   - 0.
   - 33.
   - 205.
   - 0.
   - 63.
   - 205.
   - 0.
   - 63.
   - 175.
   - 0.
   - 33.
   - 175.
   - 0.
   - 68.
   - 205.
   - 0.
   - 98.
   - 205.
   - 0.
   - 98.
   - 175.
   - 0.
   - 68.
   - 175.
   - 0.
   - 103.
   - 205.
   - 0.
   - 133.
   - 205.
   - 0.
   - 133.
   - 175.
   - 0.
   - 103.
   - 175.
   - 0.
   - 138.
   - 205.
   - 0.
   - 168.
   - 205.
   - 0.
   - 168.
   - 175.
   - 0.
   - 138.
   - 175.
   - 0.
   - -177.
   - 170.
   - 0.
   - -147.
   - 170.
   - 0.
   - -147.
   - 140.
   - 0.
   - -177.
   - 140.
   - 0.
   - -142.
   - 170.
   - 0.
   - -112.
   - 170.
   - 0.
   - -112.
   - 140.
   - 0.
   - -142.
   - 140.
   - 0.
   - -107.
   - 170.
   - 0.
   - -77.
   - 170.
   - 0.
   - -77.
   - 140.
   - 0.
   - -107.
   - 140.
   - 0.
   - -72.
   - 170.
   - 0.
   - -42.
   - 170.
   - 0.
   - -42.
   - 140.
   - 0.
   - -72.
   - 140.
   - 0.
   - -37.
   - 170.
   - 0.
   - -7.
   - 170.
   - 0.
   - -7.
   - 140.
   - 0.
   - -37.
   - 140.
   - 0.
   - -2.
   - 170.
   - 0.
   - 28.
   - 170.
   - 0.
   - 28.
   - 140.
   - 0.
   - -2.
   - 140.
   - 0.
   - 33.
   - 170.
   - 0.
   - 63.
   - 170.
   - 0.
   - 63.
   - 140.
   - 0.
   - 33.
   - 140.
   - 0.
   - 68.
   - 170.
   - 0.
   - 98.
   - 170.
   - 0.
   - 98.
   - 140.
   - 0.
   - 68.
   - 140.
   - 0.
   - 103.
   - 170.
   - 0.
   - 133.
   - 170.
   - 0.
   - 133.
   - 140.
   - 0.
   - 103.
   - 140.
   - 0.
   - 138.
   - 170.
   - 0.
   - 168.
   - 170.
   - 0.
   - 168.
   - 140.
   - 0.
   - 138.
   - 140.
   - 0.
   - -177.
   - 135.
   - 0.
   - -147.
   - 135.
   - 0.
   - -147.
   - 105.
   - 0.
   - -177.
   - 105.
   - 0.
   - -142.
   - 135.
   - 0.
   - -112.
   - 135.
   - 0.
   - -112.
   - 105.
   - 0.
   - -142.
   - 105.
   - 0.
   - -107.
   - 135.
   - 0.
   - -77.
   - 135.
   - 0.
   - -77.
   - 105.
   - 0.
   - -107.
   - 105.
   - 0.
   - -72.
   - 135.
   - 0.
   - -42.
   - 135.
   - 0.
   - -42.
   - 105.
   - 0.
   - -72.
   - 105.
   - 0.
   - -37.
   - 135.
   - 0.
   - -7.
   - 135.
   - 0.
   - -7.
   - 105.
   - 0.
   - -37.
   - 105.
   - 0.
   - -2.
   - 135.
   - 0.
   - 28.
   - 135.
   - 0.
   - 28.
   - 105.
   - 0.
   - -2.
   - 105.
   - 0.
   - 33.
   - 135.
   - 0.
   - 63.
   - 135.
   - 0.
   - 63.
   - 105.
   - 0.
   - 33.
   - 105.
   - 0.
   - 68.
   - 135.
   - 0.
   - 98.
   - 135.
   - 0.
   - 98.
