%YAML:1.0
tags:
    - id:200
      size:25


