%YAML:1.0
tags:
    - id:240
      size:23


