%YAML:1.0
tags:
    - id:203
      size:25


