%YAML:1.0
tags:
    - id:240
      size:25
    - id:241
      size:25
