%YAML:1.0
dictionary: 11
ids: [ 300, 301]
points:
   - -12.5
   - 15.5
   - 0.
   - 2.5
   - 15.5
   - 0.
   - 2.5
   - 0.5
   - 0.
   - -12.5
   - 0.5
   - 0.
   - -4.
   - -0.5
   - 0.
   - 11.
   - -0.5
   - 0.
   - 11.
   - -15.5
   - 0.
   - -4.
   - -15.5
   - 0.
