%YAML:1.0
dictionary: 11
ids: [ 240, 241]
points:
   - 0
   - 11.5
   - 0.
   - 23
   - 11.5
   - 0.
   - 23
   - -11.5
   - 0.
   - 0
   - -11.5
   - 0.
   - 30.
   - 11.5
   - 0.
   - 53.
   - 11.5
   - 0.
   - 53.
   - -11.5
   - 0.
   - 30.
   - -11.5
   - 0.
